IP_EXPANDED_FINAL = (
    
    # neparna polovina
    113, 97, 81, 65, 49, 33, 17, 1,
    115, 99, 83, 67, 51, 35, 19, 3,
    117, 101, 85, 69, 53, 37, 21, 5,
    119, 103, 87, 71, 55, 39, 23, 7,
    121, 105, 89, 73, 57, 41, 25, 9,
    123, 107, 91, 75, 59, 43, 27, 11,
    125, 109, 93, 77, 61, 45, 29, 13,
    127, 111, 95, 79, 63, 47, 31, 15,
    # parna polovina
    112, 96, 80, 64, 48, 32, 16, 0,
    114, 98, 82, 66, 50, 34, 18, 2,
    116, 100, 84, 68, 52, 36, 20, 4,
    118, 102, 86, 70, 54, 38, 22, 6,
    120, 104, 88, 72, 56, 40, 24, 8,
    122, 106, 90, 74, 58, 42, 26, 10,
    124, 108, 92, 76, 60, 44, 28, 12,
    126, 110, 94, 78, 62, 46, 30, 14
)
